60000,60000,60000,60000,60000,60000,60000,60000,60000
30000,30000,30000,30000,60000,30000,30000,60000,30000
3000,3000,3000,3000,60000,3000,3000,60000,3000
1000,1000,1000,1000,60000,1000,1000,60000,1000
500,500,500,500,60000,500,500,60000,500
280,280,280,280,60000,280,280,60000,280
500,500,500,500,60000,500,500,60000,500
1000,1000,1000,1000,60000,1000,1000,60000,1000
3000,3000,3000,3000,60000,3000,3000,60000,3000
30000,30000,30000,30000,60000,30000,30000,60000,30000
60000,60000,60000,60000,60000,60000,60000,60000,60000
